120
47739
10012
36226
98586
48094
97539
40795
80570
51434
60378
97467
66601
10097
12902
73317
70492
26652
60756
97301
60280
24286
9441
53865
29689
28444
46619
58440
44729
58031
8117
38097
5771
34481
90675
20709
98927
4567
77856
79497
72353
54586
76965
55306
64683
6219
28624
51528
32871
5732
48829
9503
30019
58270
63368
59708
86715
26340
18149
47796
723
42618
2245
22846
93451
92921
43555
92379
97488
37764
88228
69841
92350
65193
41500
57034
87764
70124
24914
36987
75856
73743
46491
22227
48365
9859
81936
51432
52551
16437
99228
53275
75407
1474
76121
68858
94395
36029
61237
8235
