120
47739
47739
47739
47739
47739
47739
10012
36226
36226
98586
98586
48094
40795
80570
51434
60378
97467
10097
12902
73317
73317
73317
26652
60756
60756
9441
53865
53865
28444
46619
46619
44729
8117
5771
34481
34481
20709
4567
77856
77856
77856
77856
77856
54586
76965
55306
6219
28624
51528
5732
48829
9503
30019
30019
30019
58270
63368
59708
18149
723
42618
42618
2245
22846
22846
22846
93451
93451
93451
93451
43555
92379
37764
88228
88228
88228
69841
41500
57034
87764
24914
36987
75856
75856
22227
9859
81936
81936
51432
16437
99228
53275
1474
76121
76121
76121
68858
36029
8235
